1-------paddingtorch.Size([8, 404])
2-------paddingtorch.Size([8, 229])
0-------paddingtorch.Size([8, 616])
2-------torch.Size([8])
2-------8
1-------torch.Size([8])
1-------8
0-------torch.Size([8])
0-------8
1-------paddingtorch.Size([8, 337])
2-------paddingtorch.Size([8, 620])
0-------paddingtorch.Size([8, 416])
1-------torch.Size([8])
1-------8
2-------torch.Size([8])
0-------torch.Size([8])
0-------8
2-------8
2-------paddingtorch.Size([8, 221])
1-------paddingtorch.Size([8, 1765])
0-------paddingtorch.Size([8, 386])
2-------torch.Size([8])
2-------8
0-------torch.Size([8])
0-------8
[0.419921875, 0.416015625, 0.419921875, 0.53125, 0.33984375, 0.3984375, 0.5, 0.609375]
[0.3046875, 0.263671875, 0.259765625, 0.271484375, 0.2578125, 0.275390625, 0.326171875, 0.345703125]
[0.369140625, 0.4453125, 0.4296875, 0.412109375, 0.49609375, 0.388671875, 0.38671875, 0.44921875]
[0.255859375, 0.259765625, 0.251953125, 0.205078125, 0.25, 0.1630859375, 0.1748046875, 0.380859375]
[0.220703125, 0.2138671875, 0.18359375, 0.203125, 0.232421875, 0.2333984375, 0.2109375, 0.2578125]
[0.251953125, 0.30078125, 0.23046875, 0.2236328125, 0.294921875, 0.2041015625, 0.271484375, 0.27734375]
[0.39453125, 0.388671875, 0.47265625, 0.40234375, 0.39453125, 0.375, 0.39453125, 0.53125]
[0.400390625, 0.36328125, 0.3984375, 0.333984375, 0.322265625, 0.412109375, 0.3515625, 0.412109375]
[0.000457763671875, 0.000415802001953125, 0.00048828125, 0.000701904296875, 0.000537872314453125, 0.000518798828125, 0.0006866455078125, 0.000598907470703125]
[0.0003986358642578125, 0.0004291534423828125, 0.000423431396484375, 0.0004329681396484375, 0.000431060791015625, 0.0003261566162109375, 0.000438690185546875, 0.0003528594970703125]
[0.000507354736328125, 0.000514984130859375, 0.000522613525390625, 0.000675201416015625, 0.00051116943359375, 0.000514984130859375, 0.000484466552734375, 0.000499725341796875]
[0.00022983551025390625, 0.000270843505859375, 0.00018787384033203125, 0.0002574920654296875, 0.0002765655517578125, 0.0002536773681640625, 0.00022983551025390625, 0.0002918243408203125]
[0.000392913818359375, 0.0004291534423828125, 0.000293731689453125, 0.000274658203125, 0.0003795623779296875, 0.0003108978271484375, 0.0002765655517578125, 0.00026702880859375]
[0.00023174285888671875, 0.00021076202392578125, 0.00016021728515625, 0.00021266937255859375, 0.000179290771484375, 0.00020503997802734375, 0.0002307891845703125, 0.0003261566162109375]
[0.00051116943359375, 0.000518798828125, 0.0002155303955078125, 0.0004367828369140625, 0.00051116943359375, 0.0003566741943359375, 0.00051116943359375, 0.000492095947265625]
[0.00031280517578125, 0.00048828125, 0.00051116943359375, 0.00034332275390625, 0.000461578369140625, 0.0004215240478515625, 0.000362396240234375, 0.000274658203125]
